0 0.856272 0.602088 0.024390 0.030162
0 0.661585 0.056265 0.020035 0.031323
0 0.753828 0.307355 0.014190 0.018376
0 0.487369 0.637471 0.023519 0.033643
0 0.710801 0.021462 0.029617 0.038283
0 0.525261 0.625290 0.017422 0.027842
0 0.603223 0.235499 0.023519 0.034803
0 0.685540 0.266241 0.022648 0.029002
0 0.006533 0.045824 0.013066 0.024362
0 0.874129 0.530742 0.027003 0.035963
0 0.881098 0.516241 0.027003 0.027842
0 0.736063 0.155452 0.031359 0.027842
0 0.862025 0.290818 0.013005 0.027297
0 0.847051 0.286618 0.021681 0.022053
0 0.960762 0.501584 0.023650 0.034118
0 0.424652 0.567285 0.020035 0.020882
0 0.417247 0.053944 0.026132 0.031323
0 0.950348 0.375870 0.013937 0.025522
