0 0.785156 0.096644 0.014757 0.017361
0 0.805990 0.616898 0.016493 0.018519
0 0.466146 0.504051 0.013889 0.021991
0 0.150608 0.561921 0.013021 0.015046
0 0.875434 0.774884 0.013021 0.017361
0 0.759983 0.047454 0.013021 0.018519
0 0.803385 0.055556 0.009549 0.016204
0 0.717014 0.771412 0.013889 0.019676
0 0.729167 0.614005 0.010417 0.015046
0 0.773872 0.126736 0.013021 0.017361
0 0.056710 0.865903 0.015747 0.018380
0 0.689978 0.729948 0.011415 0.017326
0 0.357496 0.406053 0.012595 0.013125
0 0.203359 0.619155 0.012205 0.014120
