0 0.931424 0.618056 0.012153 0.016204
0 0.375000 0.917824 0.013889 0.016204
0 0.425781 0.215856 0.013021 0.019676
0 0.496528 0.284722 0.019097 0.025463
0 0.633876 0.177448 0.014175 0.022049
0 0.942556 0.227604 0.011068 0.016319
0 0.559067 0.004456 0.018898 0.008866
0 0.587218 0.110000 0.015356 0.013125
0 0.402773 0.809468 0.012595 0.015741
0 0.458876 0.950943 0.011415 0.017326
0 0.878954 0.835191 0.006693 0.011539
0 0.468316 0.360532 0.011285 0.015046
0 0.780816 0.942708 0.009549 0.012731
0 0.411024 0.535880 0.016493 0.018519
0 0.335503 0.759838 0.013021 0.017361
0 0.850260 0.993056 0.011285 0.011574
