0 0.834635 0.800926 0.019965 0.020833
0 0.425043 0.480903 0.016233 0.019676
0 0.995877 0.958027 0.008247 0.022049
0 0.504544 0.734144 0.011415 0.018380
0 0.245690 0.939630 0.014175 0.018843
0 0.099032 0.471152 0.006693 0.017326
0 0.054149 0.500550 0.010625 0.017326
0 0.108090 0.293461 0.012205 0.012593
0 0.057726 0.424769 0.009549 0.011574
0 0.459635 0.755208 0.013021 0.017361
0 0.440104 0.670139 0.013889 0.018519
0 0.266493 0.906829 0.013889 0.019676
0 0.787760 0.917824 0.014757 0.018519
0 0.846788 0.877894 0.019965 0.026620
