0 0.248242 0.304745 0.011415 0.015231
0 0.680990 0.712963 0.014757 0.013889
0 0.141493 0.573495 0.012153 0.015046
0 0.201389 0.653935 0.012153 0.013889
0 0.850260 0.632523 0.016493 0.019676
0 0.348958 0.972801 0.012153 0.015046
0 0.887587 0.043403 0.013021 0.015046
0 0.271267 0.548611 0.013021 0.016204
0 0.789497 0.773727 0.016493 0.017361
0 0.906684 0.971065 0.016493 0.018519
0 0.099227 0.507373 0.010243 0.013125
0 0.909266 0.881649 0.013776 0.017326
0 0.499232 0.750937 0.007873 0.011019
0 0.017339 0.422593 0.012595 0.015741
0 0.347066 0.360914 0.009844 0.011019
0 0.379744 0.499763 0.012995 0.018900
