0 0.003746 0.805793 0.007491 0.018900
0 0.242188 0.353299 0.012153 0.014468
0 0.514978 0.766169 0.007092 0.013125
0 0.023247 0.889525 0.013385 0.019421
0 0.153164 0.911308 0.010234 0.019954
0 0.543911 0.468524 0.010634 0.017326
0 0.314974 0.613409 0.014965 0.018368
0 0.295095 0.500550 0.013785 0.018368
0 0.104345 0.599236 0.012595 0.019421
0 0.043915 0.423385 0.009844 0.017326
0 0.080729 0.765046 0.012153 0.016204
0 0.024622 0.351204 0.009054 0.014699
0 0.537999 0.410787 0.020095 0.016273
0 0.392930 0.214983 0.017318 0.023623
