0 0.414188 0.349103 0.010234 0.013646
0 0.405816 0.400463 0.011285 0.016204
0 0.620226 0.306713 0.011285 0.016204
0 0.799479 0.477431 0.012153 0.015046
0 0.986615 0.480075 0.009410 0.012072
0 0.464779 0.861441 0.010634 0.016794
0 0.486037 0.746476 0.009054 0.015752
0 0.382682 0.808420 0.009462 0.016794
0 0.550807 0.611065 0.018108 0.020000
0 0.502378 0.172963 0.009444 0.014120
0 0.184266 0.276927 0.011814 0.014178
0 0.763403 0.192147 0.011024 0.015752
0 0.840569 0.375874 0.009453 0.011539
0 0.908286 0.493461 0.010234 0.013657
