0 0.775174 0.967593 0.008681 0.013889
0 0.667535 0.240741 0.013889 0.016204
0 0.035156 0.736111 0.009549 0.018519
0 0.652344 0.029514 0.018229 0.024306
0 0.465712 0.087384 0.014757 0.017361
0 0.226128 0.534722 0.013021 0.016204
0 0.941840 0.216435 0.012153 0.018519
0 0.631076 0.078125 0.012153 0.017361
0 0.839410 0.156829 0.017361 0.021991
0 0.726997 0.303241 0.016493 0.020833
0 0.873264 0.259838 0.017361 0.019676
0 0.554253 0.084491 0.016493 0.020833
0 0.485677 0.192130 0.016493 0.020833
0 0.839410 0.324653 0.015625 0.021991
0 0.960503 0.377894 0.016493 0.021991
0 0.461827 0.064063 0.009453 0.020995
0 0.480525 0.042523 0.017717 0.020972
0 0.634071 0.944115 0.016146 0.019433
0 0.644505 0.990313 0.013385 0.018380
0 0.693320 0.262228 0.016536 0.020475
