0 0.918520 0.009468 0.011016 0.014699
0 0.512153 0.539352 0.012153 0.016204
0 0.641927 0.429398 0.011285 0.013889
0 0.862413 0.598380 0.014757 0.018519
0 0.411024 0.384838 0.016493 0.019676
0 0.303168 0.520231 0.013385 0.019954
0 0.202574 0.258287 0.012196 0.024144
0 0.980720 0.683484 0.008663 0.011551
0 0.760052 0.736505 0.012205 0.019954
0 0.800412 0.474034 0.014175 0.022049
0 0.538207 0.340440 0.014175 0.018380
0 0.892930 0.070885 0.007873 0.012604
0 0.453559 0.505787 0.013021 0.016204
0 0.744900 0.061701 0.010234 0.015231
0 0.466354 0.908414 0.009844 0.016273
0 0.167140 0.901331 0.015356 0.022037
0 0.520490 0.990307 0.013394 0.017326
0 0.396476 0.373513 0.013385 0.018368
0 0.767361 0.456597 0.015625 0.021991
0 0.944444 0.651042 0.012153 0.017361
0 0.994792 0.110532 0.010417 0.017361
0 0.695747 0.626157 0.014757 0.020833
