0 0.084861 0.019705 0.012205 0.018368
0 0.110052 0.149896 0.012205 0.018380
0 0.441155 0.154091 0.016927 0.029919
0 0.425213 0.063275 0.014957 0.022569
0 0.631515 0.577714 0.007092 0.011030
0 0.078168 0.422072 0.014566 0.020995
0 0.145095 0.259080 0.009844 0.017326
0 0.187500 0.307292 0.010417 0.015046
0 0.216159 0.374034 0.013394 0.021516
0 0.157105 0.376661 0.013394 0.022581
0 0.498442 0.606846 0.010234 0.012604
0 0.492734 0.241493 0.012205 0.019954
0 0.402183 0.195295 0.012995 0.023090
0 0.279948 0.672454 0.013021 0.013889
0 0.352431 0.852431 0.010417 0.017361
0 0.305924 0.421811 0.010234 0.022581
