0 0.058594 0.417824 0.016493 0.023148
0 0.639757 0.715278 0.015625 0.020833
0 0.207899 0.177662 0.013021 0.015046
0 0.622396 0.781250 0.015625 0.018519
0 0.455139 0.629942 0.013385 0.015741
0 0.443125 0.634925 0.013785 0.020475
0 0.408876 0.776406 0.016936 0.025197
0 0.149622 0.586898 0.014175 0.020995
0 0.257300 0.962749 0.016927 0.030451
0 0.038598 0.761968 0.013394 0.025718
0 0.213203 0.779028 0.014566 0.020995
0 0.186632 0.802905 0.011806 0.021528
0 0.037617 0.806586 0.016936 0.025718
0 0.124132 0.810185 0.013889 0.018519
