0 0.523442 0.954878 0.011415 0.015752
0 0.193576 0.678819 0.012153 0.015046
0 0.081163 0.679977 0.014757 0.017361
0 0.634549 0.146991 0.015625 0.018519
0 0.578993 0.939236 0.012153 0.019676
0 0.146267 0.100116 0.019965 0.024306
0 0.503906 0.026042 0.016493 0.021991
0 0.509115 0.280093 0.009549 0.013889
0 0.490885 0.067708 0.023438 0.024306
0 0.883681 0.248264 0.013889 0.021991
0 0.112847 0.054398 0.019097 0.025463
0 0.569878 0.221065 0.018229 0.018519
0 0.682726 0.206597 0.019965 0.024306
0 0.339844 0.317130 0.018229 0.023148
0 0.750434 0.179977 0.018229 0.021991
0 0.236037 0.077975 0.011415 0.016273
0 0.267930 0.990567 0.008273 0.014699
0 0.398247 0.875336 0.010625 0.014144
