0 0.703993 0.563657 0.012153 0.016204
0 0.328950 0.139659 0.007483 0.012604
0 0.317535 0.314456 0.008264 0.011551
0 0.256120 0.493461 0.008264 0.013657
0 0.085256 0.366429 0.010634 0.012604
0 0.109266 0.850156 0.011415 0.015220
0 0.179740 0.989259 0.012205 0.015231
0 0.560052 0.468791 0.012205 0.017859
0 0.543520 0.386088 0.016137 0.019375
0 0.453954 0.374306 0.014957 0.023102
0 0.547656 0.306053 0.014965 0.020995
0 0.509071 0.254878 0.015747 0.019433
0 0.645490 0.352772 0.011415 0.016794
0 0.561037 0.055139 0.014957 0.017847
0 0.821276 0.108160 0.007083 0.012593
0 0.756710 0.219705 0.007083 0.015220
0 0.828364 0.300284 0.011814 0.017859
0 0.612023 0.032569 0.012205 0.015741
0 0.013403 0.509473 0.011024 0.015220
0 0.172847 0.185064 0.011024 0.015220
0 0.298242 0.154091 0.010634 0.014178
0 0.657552 0.405093 0.011285 0.016204
