0 0.673641 0.681123 0.009453 0.016273
0 0.909288 0.895255 0.016493 0.017361
0 0.390764 0.958287 0.013785 0.020463
0 0.276198 0.679554 0.009844 0.018368
0 0.851997 0.567130 0.014757 0.020833
0 0.987847 0.866898 0.017361 0.023148
0 0.806424 0.778935 0.017361 0.025463
0 0.909722 0.631944 0.013889 0.018519
0 0.713793 0.934404 0.008663 0.016794
0 0.665174 0.755926 0.012205 0.020995
0 0.815369 0.597922 0.011814 0.016794
0 0.411810 0.364850 0.013359 0.018889
0 0.819110 0.680312 0.011415 0.019884
0 0.981905 0.883744 0.014957 0.020475
