0 0.657118 0.627315 0.013889 0.018519
0 0.814670 0.527199 0.014757 0.017361
0 0.641554 0.063275 0.018507 0.024676
0 0.085503 0.608218 0.016493 0.017361
0 0.269097 0.511574 0.013889 0.016204
0 0.224826 0.687500 0.015625 0.018519
0 0.086806 0.380787 0.012153 0.016204
0 0.921441 0.776620 0.009549 0.011574
0 0.686628 0.094774 0.012595 0.025729
0 0.795291 0.107899 0.021259 0.029919
0 0.703759 0.152778 0.016927 0.022037
0 0.640959 0.206580 0.019679 0.026771
0 0.894310 0.349630 0.016918 0.025185
0 0.958494 0.250411 0.016172 0.025197
0 0.934661 0.702911 0.011806 0.015752
0 0.911042 0.704745 0.017326 0.021528
0 0.712418 0.813669 0.011415 0.014699
0 0.628364 0.913657 0.011814 0.019444
0 0.302951 0.122106 0.017361 0.021991
