0 0.559861 0.344381 0.011024 0.016794
0 0.366944 0.193200 0.009444 0.012604
0 0.566354 0.400284 0.012205 0.017326
0 0.814761 0.377454 0.006658 0.012593
0 0.618911 0.619965 0.007873 0.009444
0 0.589779 0.856979 0.014957 0.018380
0 0.506918 0.756458 0.012969 0.025185
0 0.331905 0.796615 0.010234 0.017326
0 0.235447 0.571933 0.011814 0.016273
0 0.543125 0.083750 0.012205 0.013125
0 0.219701 0.155405 0.010234 0.014699
0 0.205729 0.180556 0.013889 0.018519
0 0.179688 0.469329 0.012153 0.012731
0 0.918403 0.552083 0.012153 0.018519
0 0.021267 0.528356 0.016493 0.019676
0 0.106337 0.469329 0.011285 0.015046
