0 0.251261 0.766206 0.008589 0.027368
0 0.424189 0.720027 0.016433 0.022226
0 0.348045 0.243591 0.021601 0.021458
0 0.763461 0.819331 0.008940 0.018202
0 0.470322 0.822138 0.014064 0.027566
0 0.193454 0.627675 0.007361 0.012303
0 0.265457 0.493755 0.013399 0.019068
0 0.960932 0.765833 0.008414 0.010833
0 0.050395 0.918832 0.014591 0.026371
0 0.992061 0.897681 0.015877 0.021568
0 0.763450 0.177418 0.013158 0.018454
0 0.008655 0.870762 0.017076 0.021634
0 0.860775 0.981124 0.009488 0.021261
0 0.288571 0.206486 0.011747 0.020055
0 0.779861 0.310093 0.011930 0.018213
0 0.805249 0.633684 0.015716 0.025395
0 0.148063 0.416711 0.014152 0.020307
0 0.419068 0.853553 0.015168 0.021513
0 0.403187 0.222632 0.013523 0.018158
0 0.977412 0.065038 0.013494 0.020143
0 0.254529 0.441683 0.014583 0.022533
0 0.833015 0.603799 0.014291 0.021458
0 0.903490 0.210340 0.013633 0.019803
0 0.225764 0.747818 0.014423 0.021623
0 0.971860 0.168284 0.013370 0.022401
0 0.443911 0.966963 0.017661 0.028531
