0 0.286820 0.140702 0.010599 0.017610
0 0.345760 0.210038 0.010936 0.018169
0 0.038798 0.573860 0.006689 0.014079
0 0.116462 0.571201 0.011871 0.017182
0 0.983450 0.962802 0.010292 0.012379
0 0.215011 0.123421 0.009203 0.012105
0 0.242738 0.792928 0.008399 0.010570
0 0.996787 0.351425 0.006425 0.021118
0 0.594554 0.051212 0.010336 0.019792
0 0.765504 0.475066 0.008070 0.010526
0 0.334200 0.767231 0.014496 0.019616
0 0.020464 0.167884 0.011820 0.018487
0 0.252836 0.343344 0.007646 0.016557
0 0.518162 0.152127 0.010080 0.020789
0 0.935314 0.126294 0.013158 0.019539
0 0.482829 0.647396 0.011769 0.017577
0 0.543436 0.582654 0.010322 0.014189
0 0.310238 0.355143 0.013882 0.022478
0 0.457325 0.164627 0.011930 0.019035
0 0.254762 0.308991 0.007712 0.014189
0 0.690698 0.376513 0.008999 0.014605
0 0.784020 0.308048 0.006798 0.009408
0 0.185939 0.788673 0.006118 0.011557
