0 0.116937 0.005740 0.012266 0.010866
0 0.422796 0.494326 0.015987 0.011721
0 0.483330 0.531420 0.014496 0.015077
0 0.662310 0.796634 0.009342 0.013969
0 0.064430 0.406151 0.012719 0.019825
0 0.018191 0.039786 0.007522 0.016853
0 0.015113 0.764995 0.012171 0.017511
0 0.173801 0.958882 0.013494 0.023355
0 0.207131 0.888383 0.016001 0.027248
0 0.697661 0.020817 0.016096 0.011897
0 0.868180 0.128054 0.015234 0.020406
0 0.312482 0.268909 0.014949 0.021700
0 0.345607 0.670060 0.017047 0.022664
0 0.557785 0.521897 0.011667 0.019890
0 0.650567 0.164062 0.013151 0.019419
0 0.135541 0.137906 0.013684 0.017829
0 0.395314 0.238558 0.014430 0.022686
0 0.021809 0.946404 0.017551 0.025044
0 0.491583 0.036146 0.011747 0.017270
0 0.514287 0.360214 0.012390 0.018827
0 0.371988 0.453953 0.014459 0.022248
0 0.221966 0.428898 0.012822 0.018147
0 0.302193 0.053268 0.016345 0.023596
0 0.030289 0.209945 0.014920 0.018289
0 0.438695 0.847982 0.015300 0.019386
0 0.613129 0.993843 0.014401 0.012314
0 0.570526 0.055592 0.014985 0.021667
0 0.584730 0.838832 0.015687 0.022862
0 0.325088 0.147270 0.012968 0.015702
0 0.370515 0.513087 0.013677 0.020757
