0 0.543867 0.134446 0.012412 0.016678
0 0.364452 0.626919 0.011901 0.021535
0 0.452314 0.735762 0.014817 0.020954
0 0.221879 0.236491 0.009620 0.014890
0 0.945906 0.991990 0.009751 0.011086
0 0.073461 0.377281 0.008297 0.020241
0 0.256363 0.594101 0.007025 0.012281
0 0.170080 0.293777 0.011769 0.018914
0 0.383505 0.293799 0.008019 0.013673
0 0.222124 0.053860 0.010797 0.017325
0 0.232478 0.638158 0.011667 0.019561
0 0.100563 0.399271 0.011740 0.014660
0 0.221711 0.757785 0.010599 0.018596
0 0.109550 0.499342 0.009086 0.016491
0 0.048151 0.280822 0.010863 0.016294
