0 0.471758 0.312434 0.015139 0.023070
0 0.087712 0.078602 0.014444 0.019221
0 0.302262 0.396568 0.010651 0.021360
0 0.234130 0.376009 0.017427 0.027829
0 0.168180 0.150910 0.014532 0.026228
0 0.707825 0.396272 0.014232 0.020417
0 0.092931 0.198580 0.014298 0.020866
0 0.314163 0.712802 0.010417 0.017029
0 0.721060 0.274337 0.009035 0.016414
0 0.441824 0.416113 0.015534 0.022270
0 0.008483 0.119446 0.009656 0.019331
0 0.380205 0.656453 0.008099 0.021349
0 0.552646 0.608805 0.008289 0.011645
0 0.993235 0.375395 0.012025 0.017215
0 0.802895 0.751376 0.012573 0.013279
0 0.953962 0.500910 0.014020 0.032829
0 0.803015 0.259221 0.007961 0.012215
0 0.087968 0.916080 0.011798 0.015099
0 0.829810 0.074435 0.012661 0.022555
0 0.964751 0.164216 0.013494 0.020493
