0 0.985588 0.450855 0.016133 0.016491
0 0.842021 0.216870 0.010285 0.012314
0 0.523450 0.296266 0.010453 0.014419
0 0.539836 0.454742 0.007683 0.012445
0 0.445640 0.152982 0.007317 0.008904
0 0.752968 0.876831 0.012427 0.015088
0 0.025183 0.432752 0.012865 0.020943
0 0.156177 0.009353 0.009912 0.016404
0 0.885091 0.893114 0.011937 0.016842
0 0.597939 0.005674 0.009064 0.011349
0 0.247738 0.588958 0.014232 0.019035
0 0.858516 0.179523 0.013173 0.020077
0 0.933706 0.710258 0.011126 0.019331
0 0.492186 0.523547 0.012544 0.019616
0 0.389273 0.617845 0.011849 0.017094
0 0.052595 0.235932 0.014108 0.018794
0 0.489192 0.340894 0.015358 0.019309
0 0.206272 0.030373 0.011140 0.017807
0 0.251477 0.309819 0.013538 0.023805
0 0.222825 0.274567 0.012376 0.019221
0 0.531308 0.152341 0.012851 0.020976
0 0.046283 0.572160 0.009525 0.020482
0 0.162142 0.332812 0.009298 0.013914
