0 0.561663 0.264320 0.011192 0.016886
0 0.099393 0.616447 0.015132 0.021886
0 0.313856 0.159589 0.014803 0.018410
0 0.887186 0.554720 0.016111 0.022752
0 0.846221 0.660981 0.011038 0.019836
0 0.917591 0.532643 0.014613 0.023662
0 0.593553 0.581859 0.012544 0.020888
0 0.102862 0.252264 0.010811 0.016393
0 0.309565 0.536431 0.008575 0.013388
0 0.458863 0.297242 0.012361 0.018125
0 0.466550 0.183251 0.007529 0.013498
0 0.094682 0.326129 0.007010 0.011776
0 0.176491 0.627484 0.008216 0.015428
0 0.170267 0.158936 0.014803 0.023399
0 0.741067 0.294156 0.011243 0.013443
0 0.867738 0.696656 0.013633 0.014956
0 0.782829 0.018925 0.015073 0.018443
0 0.726963 0.024276 0.013531 0.026535
0 0.186195 0.452971 0.011265 0.016009
0 0.375753 0.865515 0.008830 0.020110
0 0.062986 0.819364 0.009408 0.014386
0 0.253761 0.502061 0.013955 0.015702
0 0.654262 0.687703 0.011155 0.017050
0 0.077511 0.722988 0.014145 0.024200
0 0.218662 0.241650 0.009415 0.017664
