0 0.045874 0.847780 0.011338 0.016436
0 0.510709 0.048596 0.013143 0.030263
0 0.465128 0.638536 0.015490 0.020121
0 0.105885 0.657708 0.012500 0.027346
0 0.089770 0.730526 0.015270 0.020307
0 0.049368 0.877807 0.015300 0.020965
0 0.967156 0.551086 0.006930 0.024561
0 0.892920 0.448322 0.012069 0.014759
0 0.428447 0.226102 0.013692 0.024792
0 0.729850 0.685641 0.009218 0.019572
0 0.870556 0.685861 0.013640 0.018849
0 0.438604 0.203218 0.011915 0.019441
0 0.425618 0.346815 0.014159 0.019529
0 0.265848 0.541009 0.012763 0.017171
0 0.601681 0.177571 0.009196 0.011173
0 0.511440 0.995987 0.010629 0.008026
0 0.531930 0.943476 0.012690 0.017149
0 0.871955 0.390713 0.010344 0.019890
0 0.375947 0.592884 0.013472 0.023202
0 0.032537 0.232122 0.016243 0.025779
0 0.524591 0.387511 0.016053 0.024079
0 0.793030 0.685543 0.014788 0.024923
0 0.723783 0.241985 0.012814 0.021557
