0 0.182785 0.325488 0.014298 0.018103
0 0.262463 0.479002 0.009898 0.018838
0 0.837573 0.751173 0.012295 0.024079
0 0.737580 0.326634 0.011257 0.018487
0 0.891001 0.441930 0.009547 0.015921
0 0.333461 0.657319 0.010197 0.014879
0 0.767248 0.025077 0.008969 0.011250
0 0.057080 0.752533 0.013692 0.019605
0 0.483622 0.547955 0.013034 0.021524
0 0.115775 0.325943 0.013772 0.018640
0 0.027372 0.988646 0.013662 0.019901
0 0.592328 0.500921 0.007551 0.022105
0 0.961202 0.919485 0.010548 0.018355
0 0.430874 0.889737 0.015899 0.025746
0 0.633999 0.859211 0.012573 0.019189
0 0.225830 0.386985 0.014671 0.026360
