0 0.679031 0.740636 0.010461 0.014101
0 0.383750 0.606146 0.014459 0.019638
0 0.701868 0.338657 0.010592 0.017292
0 0.861531 0.924326 0.012624 0.020559
0 0.778776 0.172670 0.013750 0.021393
0 0.940895 0.230291 0.012697 0.021765
0 0.917303 0.220082 0.012120 0.022664
0 0.862617 0.493202 0.012325 0.023224
0 0.843849 0.957253 0.016016 0.025296
0 0.049039 0.073745 0.009013 0.018410
0 0.037423 0.591727 0.011352 0.025230
0 0.752416 0.803416 0.012127 0.015340
0 0.909993 0.129183 0.016038 0.026919
0 0.706319 0.109134 0.011177 0.019605
0 0.731912 0.050532 0.013224 0.023607
0 0.198490 0.540652 0.016528 0.023849
0 0.312961 0.486162 0.010015 0.021820
0 0.083567 0.085800 0.008699 0.017851
0 0.402116 0.506135 0.010007 0.022094
0 0.752420 0.391952 0.011798 0.021075
0 0.276776 0.060888 0.012763 0.020395
0 0.289755 0.609496 0.011806 0.024846
0 0.085395 0.682149 0.017719 0.016294
0 0.483432 0.515625 0.008311 0.010482
0 0.125899 0.140241 0.013538 0.028794
0 0.068699 0.336102 0.010775 0.017928
0 0.066619 0.914857 0.007390 0.013991
0 0.706553 0.785345 0.009832 0.016480
0 0.027650 0.768766 0.015300 0.015844
0 0.121148 0.768048 0.012281 0.011053
