0 0.394035 0.052862 0.016623 0.027193
0 0.529539 0.045833 0.012471 0.016711
0 0.944408 0.005652 0.013114 0.011305
0 0.766590 0.192818 0.017844 0.020658
0 0.496601 0.333980 0.015950 0.027873
0 0.382485 0.348728 0.013480 0.022851
0 0.792767 0.328284 0.018224 0.023257
0 0.703001 0.688218 0.014803 0.018213
0 0.531477 0.495466 0.009766 0.013366
0 0.788633 0.352237 0.014971 0.022632
0 0.900026 0.485515 0.006367 0.013289
0 0.766831 0.953191 0.016630 0.023838
0 0.605358 0.876541 0.018231 0.020143
0 0.098224 0.405159 0.009942 0.011414
0 0.219923 0.315219 0.015563 0.019759
0 0.867138 0.062758 0.012390 0.020669
0 0.206425 0.450504 0.014167 0.017237
0 0.857273 0.420038 0.012018 0.023914
