0 0.767632 0.425351 0.013830 0.022785
0 0.101809 0.150307 0.011659 0.015592
0 0.748132 0.836042 0.010168 0.013816
0 0.861707 0.944178 0.011221 0.011404
0 0.654503 0.956541 0.011096 0.018476
0 0.455545 0.909622 0.012946 0.017599
0 0.722522 0.626436 0.010804 0.015110
0 0.581747 0.129984 0.015541 0.022401
0 0.866817 0.252012 0.011835 0.022971
0 0.732844 0.767851 0.011842 0.018531
0 0.807240 0.352467 0.012683 0.019342
0 0.564050 0.654260 0.011813 0.020252
0 0.571473 0.832072 0.007127 0.011075
0 0.904846 0.095329 0.011652 0.016294
0 0.679898 0.051952 0.014357 0.018421
