0 0.040168 0.600170 0.012939 0.019857
0 0.196407 0.615077 0.011820 0.021075
0 0.701908 0.916086 0.009488 0.015307
0 0.512730 0.005340 0.013282 0.009057
0 0.752708 0.193454 0.013955 0.016864
0 0.874017 0.211486 0.009423 0.022248
0 0.937566 0.543224 0.010702 0.022588
0 0.081345 0.495159 0.011447 0.018279
0 0.812288 0.937933 0.013596 0.015581
0 0.281743 0.858427 0.012990 0.018322
0 0.918231 0.032423 0.012500 0.018268
0 0.189119 0.867785 0.010475 0.015307
0 0.979382 0.867061 0.010651 0.020965
0 0.391126 0.995641 0.010015 0.008717
0 0.174550 0.806634 0.009101 0.014254
0 0.161692 0.365241 0.008662 0.015044
0 0.204525 0.758794 0.017880 0.025724
0 0.582595 0.212725 0.015292 0.021787
0 0.829152 0.734550 0.013012 0.020395
0 0.466495 0.616436 0.012420 0.018509
0 0.546857 0.695828 0.011360 0.019989
0 0.150822 0.276393 0.014876 0.020877
0 0.446630 0.933421 0.012164 0.016557
0 0.746484 0.136689 0.012617 0.019079
0 0.866433 0.387982 0.015994 0.021162
0 0.693596 0.661491 0.011681 0.025921
0 0.686404 0.891135 0.010526 0.012314
0 0.665691 0.100822 0.013721 0.017719
0 0.252175 0.579150 0.009364 0.015779
0 0.491634 0.019984 0.012595 0.021239
0 0.395409 0.471963 0.015570 0.023684
0 0.935117 0.715285 0.010892 0.018618
0 0.894426 0.320620 0.015417 0.019331
