0 0.033132 0.113169 0.010607 0.017193
0 0.753776 0.737829 0.012113 0.017829
0 0.233801 0.426519 0.004693 0.009638
0 0.533728 0.855329 0.010380 0.019189
0 0.017127 0.558849 0.009284 0.015132
0 0.174931 0.183169 0.009920 0.018136
0 0.997950 0.820247 0.004101 0.015143
0 0.002182 0.640038 0.004364 0.011086
0 0.504017 0.169638 0.011338 0.017390
0 0.810501 0.181535 0.009174 0.016974
0 0.677332 0.558613 0.011608 0.020055
0 0.176667 0.319567 0.008860 0.015691
0 0.936721 0.980406 0.012551 0.017807
0 0.553322 0.170417 0.011104 0.020395
0 0.865830 0.758695 0.006689 0.013399
0 0.610895 0.232807 0.009291 0.014627
0 0.614298 0.463865 0.010512 0.020822
0 0.801806 0.292133 0.010058 0.021612
0 0.437643 0.507149 0.008545 0.010987
0 0.317262 0.528651 0.008955 0.013092
0 0.649766 0.377012 0.011725 0.019923
0 0.028542 0.856508 0.010022 0.016678
0 0.802639 0.578745 0.015307 0.014923
