0 0.027961 0.605005 0.013026 0.019221
0 0.494423 0.951771 0.008333 0.014945
0 0.588469 0.742977 0.011235 0.017577
0 0.216107 0.815181 0.012595 0.016765
0 0.405289 0.550998 0.011776 0.019715
0 0.073615 0.310658 0.013735 0.021842
0 0.211685 0.906086 0.010855 0.017127
0 0.763297 0.350433 0.014883 0.022314
0 0.378783 0.255866 0.012990 0.019934
0 0.105925 0.705334 0.012683 0.019507
0 0.302281 0.928427 0.011550 0.019660
0 0.898374 0.725164 0.013794 0.018224
0 0.433414 0.235680 0.015146 0.020395
0 0.882880 0.119561 0.011740 0.018553
0 0.355267 0.040592 0.010841 0.019496
0 0.435457 0.169238 0.009905 0.020274
0 0.976520 0.489578 0.007398 0.018191
0 0.112047 0.761743 0.006477 0.010811
