0 0.882463 0.912571 0.011477 0.017818
0 0.101773 0.205751 0.009700 0.014704
0 0.939327 0.044912 0.011330 0.015351
0 0.809496 0.636288 0.010102 0.011414
0 0.104284 0.886946 0.010278 0.014287
0 0.696513 0.730680 0.008377 0.009846
0 0.140727 0.134348 0.005943 0.011612
0 0.751879 0.630680 0.009152 0.015241
0 0.107928 0.819106 0.008077 0.016590
0 0.585621 0.190033 0.009781 0.018772
0 0.902584 0.060439 0.009671 0.016250
0 0.259642 0.177752 0.014357 0.017566
0 0.717284 0.537149 0.010548 0.016732
0 0.002712 0.818668 0.005380 0.012752
0 0.455936 0.252851 0.011111 0.020351
0 0.462189 0.774386 0.014671 0.021886
0 0.537701 0.686562 0.011572 0.020493
0 0.170249 0.777352 0.008728 0.012226
0 0.074898 0.466935 0.012807 0.020998
0 0.087580 0.981957 0.009985 0.016612
0 0.519507 0.768618 0.012800 0.017763
0 0.104909 0.609386 0.014262 0.020482
0 0.825800 0.942116 0.013575 0.017193
0 0.602259 0.800214 0.010453 0.016217
0 0.850903 0.589298 0.014072 0.020855
