0 0.100588 0.883931 0.011528 0.019879
0 0.630523 0.602774 0.012683 0.020439
0 0.644408 0.824068 0.009371 0.015110
0 0.014112 0.637599 0.006747 0.015175
0 0.084594 0.545461 0.009715 0.018333
0 0.059291 0.320592 0.008684 0.017895
0 0.652635 0.623262 0.013867 0.020406
0 0.382328 0.792500 0.013063 0.016864
0 0.291235 0.795307 0.008553 0.012588
0 0.701319 0.561053 0.011513 0.018399
0 0.116875 0.994200 0.011104 0.011601
0 0.103933 0.059973 0.009591 0.014068
0 0.404466 0.205428 0.012251 0.021118
0 0.745417 0.824337 0.015526 0.022379
0 0.195742 0.604364 0.015928 0.019079
0 0.428469 0.664682 0.017186 0.022281
0 0.149101 0.317127 0.010614 0.015022
0 0.585917 0.217851 0.010797 0.018092
