0 0.428341 0.671979 0.006930 0.013739
0 0.687251 0.407023 0.015351 0.022336
0 0.856773 0.341058 0.009335 0.014989
0 0.066356 0.689200 0.008399 0.012588
0 0.484675 0.060652 0.010358 0.012599
0 0.839532 0.980247 0.012500 0.018147
0 0.540241 0.674951 0.014211 0.022007
0 0.026871 0.891047 0.014547 0.022314
0 0.294280 0.672615 0.010548 0.015976
0 0.635102 0.625899 0.014020 0.019276
0 0.047504 0.927988 0.011513 0.014967
0 0.550797 0.284189 0.013611 0.017917
0 0.253984 0.938235 0.013436 0.016996
0 0.426228 0.004704 0.010936 0.008311
