0 0.684101 0.382434 0.018860 0.028750
0 0.965782 0.797752 0.008158 0.015548
0 0.413282 0.334578 0.012061 0.016919
0 0.770629 0.672862 0.010950 0.014781
0 0.539338 0.039337 0.010402 0.013322
0 0.057343 0.987122 0.008385 0.011349
0 0.834470 0.477516 0.008063 0.012248
0 0.557222 0.681129 0.011184 0.019167
0 0.801510 0.136996 0.012917 0.016535
0 0.663059 0.464200 0.014861 0.023509
0 0.864883 0.758624 0.014079 0.022686
0 0.448699 0.016382 0.017602 0.027654
0 0.329386 0.276897 0.016404 0.028070
0 0.887339 0.123651 0.013070 0.019649
