0 0.779181 0.376450 0.027003 0.024362
0 0.769164 0.579814 0.020906 0.027378
0 0.825571 0.856433 0.030740 0.028875
0 0.936916 0.675592 0.014582 0.028353
0 0.732944 0.377164 0.022073 0.021520
0 0.605035 0.524147 0.024042 0.030963
0 0.257779 0.875858 0.020889 0.036218
0 0.115684 0.398161 0.023650 0.027807
0 0.152740 0.268509 0.016559 0.022564
0 0.243467 0.313225 0.023519 0.030162
0 0.304443 0.341647 0.023519 0.029002
0 0.108449 0.218097 0.023519 0.030162
0 0.978223 0.480858 0.031359 0.047564
0 0.750871 0.623550 0.027875 0.038283
0 0.023955 0.834107 0.027003 0.037123
