0 0.517982 0.121058 0.014620 0.022752
0 0.435424 0.555609 0.016272 0.028980
0 0.178509 0.683509 0.008611 0.014956
0 0.076579 0.747823 0.014035 0.025954
0 0.413264 0.950576 0.012244 0.022445
0 0.380461 0.832281 0.019254 0.020570
0 0.342434 0.609019 0.018933 0.029375
0 0.065161 0.622242 0.019912 0.031327
0 0.475442 0.201190 0.015344 0.026436
0 0.433498 0.119671 0.012405 0.022039
0 0.447533 0.040850 0.017624 0.027906
0 0.110201 0.501557 0.019262 0.037697
0 0.214156 0.029342 0.008487 0.016645
0 0.753600 0.341321 0.008121 0.025779
0 0.715727 0.484342 0.018589 0.026864
