0 0.282153 0.138114 0.010007 0.016711
0 0.557558 0.683306 0.011564 0.021414
0 0.578732 0.313152 0.018589 0.021765
0 0.321915 0.169282 0.013977 0.013893
0 0.971663 0.572834 0.015607 0.017511
0 0.804624 0.805877 0.019262 0.021754
0 0.040519 0.958350 0.016213 0.015822
0 0.612778 0.504512 0.016535 0.022050
0 0.326926 0.377549 0.015110 0.017511
0 0.075358 0.636031 0.011155 0.020351
0 0.265011 0.948306 0.012756 0.023914
0 0.513867 0.261168 0.016637 0.024967
0 0.062482 0.245181 0.017215 0.028958
0 0.660895 0.423311 0.013823 0.019715
0 0.606948 0.359391 0.009744 0.020406
