0 0.976312 0.657253 0.014613 0.021612
0 0.940863 0.013788 0.013977 0.024857
0 0.795928 0.017363 0.018977 0.027643
0 0.759320 0.567813 0.015833 0.027511
0 0.528067 0.185669 0.011674 0.013772
0 0.473765 0.945329 0.013977 0.021820
0 0.547427 0.924501 0.014357 0.032292
0 0.595786 0.975077 0.013224 0.030877
0 0.916696 0.672281 0.019912 0.021053
0 0.634854 0.516096 0.014357 0.020066
0 0.788808 0.635071 0.018246 0.010428
0 0.878304 0.969655 0.011287 0.018607
0 0.245515 0.834539 0.014539 0.025811
0 0.602979 0.603481 0.013326 0.025932
0 0.862292 0.008218 0.016762 0.016436
0 0.579985 0.625707 0.016886 0.018564
