0 0.186952 0.748399 0.012690 0.023706
0 0.226912 0.742522 0.012230 0.021272
0 0.438315 0.758925 0.020826 0.026206
0 0.261404 0.473788 0.014415 0.021393
0 0.832855 0.156974 0.015431 0.019912
0 0.158315 0.386436 0.015431 0.025987
0 0.141535 0.347659 0.016140 0.031042
0 0.119982 0.433871 0.017946 0.020000
0 0.545274 0.520888 0.013151 0.027873
0 0.052573 0.771672 0.017222 0.013936
0 0.789412 0.170362 0.012434 0.012039
0 0.736367 0.207072 0.008977 0.022675
0 0.269989 0.108092 0.012434 0.029276
0 0.265724 0.745181 0.014167 0.032007
