0 0.207862 0.948257 0.018735 0.027697
0 0.025925 0.262659 0.023121 0.032993
0 0.420172 0.100647 0.021996 0.030461
0 0.412273 0.236853 0.018611 0.032149
0 0.040398 0.449090 0.020709 0.031930
0 0.970680 0.238136 0.019196 0.027171
0 0.546009 0.367155 0.015994 0.023191
0 0.795121 0.842796 0.010548 0.021886
0 0.657409 0.403065 0.015007 0.024594
0 0.982310 0.745208 0.018830 0.026118
0 0.412273 0.411557 0.017485 0.027917
0 0.831279 0.111634 0.013304 0.020417
0 0.474203 0.101579 0.020702 0.029342
0 0.468242 0.802182 0.017039 0.023487
0 0.885128 0.796557 0.014759 0.022763
0 0.901513 0.461946 0.018275 0.029550
0 0.121031 0.967264 0.017675 0.027336
0 0.888421 0.905428 0.012237 0.026184
0 0.973662 0.822396 0.012529 0.020559
0 0.819529 0.565060 0.009817 0.021743
0 0.733370 0.480751 0.013713 0.023498
0 0.957116 0.275773 0.023121 0.027072
0 0.628012 0.060466 0.019181 0.032993
0 0.722767 0.289753 0.018048 0.031261
0 0.626601 0.255466 0.017485 0.025384
0 0.060037 0.076113 0.019196 0.030450
0 0.491239 0.497434 0.006206 0.020307
0 0.117361 0.237341 0.020731 0.030866
0 0.585318 0.928092 0.015577 0.024846
