0 0.992255 0.238087 0.008662 0.013936
0 0.839773 0.954863 0.007325 0.010779
0 0.142401 0.033087 0.007493 0.012050
0 0.451075 0.127522 0.009459 0.013377
0 0.356795 0.330680 0.007288 0.011579
0 0.566933 0.654984 0.006615 0.011283
0 0.049189 0.372982 0.007383 0.012346
0 0.487409 0.652895 0.008370 0.012083
0 0.319872 0.546107 0.007346 0.011447
0 0.169137 0.210636 0.009181 0.012018
0 0.130194 0.241442 0.007142 0.011129
0 0.757942 0.173021 0.008224 0.012730
0 0.645029 0.995504 0.006228 0.008991
0 0.422452 0.579408 0.007654 0.010329
