0 0.171441 0.529514 0.019965 0.028935
0 0.561198 0.586806 0.018229 0.025463
0 0.247830 0.815394 0.016493 0.021991
0 0.676649 0.476273 0.021701 0.026620
0 0.381076 0.361111 0.019097 0.023148
0 0.351997 0.186921 0.021701 0.028935
0 0.674045 0.846065 0.016493 0.020833
0 0.637153 0.245949 0.019097 0.019676
0 0.328559 0.980903 0.018229 0.024306
0 0.644531 0.777199 0.014757 0.024306
0 0.066406 0.770255 0.016493 0.017361
0 0.045573 0.748843 0.016493 0.018519
0 0.447049 0.561921 0.017361 0.021991
0 0.172743 0.772569 0.015625 0.019676
