0 0.505530 0.539919 0.017326 0.027824
0 0.865451 0.682870 0.019097 0.025463
0 0.770399 0.812500 0.023438 0.030093
0 0.558160 0.386574 0.024306 0.032407
0 0.779080 0.192130 0.021701 0.025463
0 0.703559 0.278935 0.021701 0.027778
0 0.478733 0.628472 0.018229 0.030093
0 0.541233 0.027778 0.019965 0.023148
0 0.914931 0.912037 0.015625 0.020833
0 0.877170 0.876736 0.016493 0.021991
0 0.438008 0.207106 0.016137 0.028866
0 0.574622 0.113669 0.015356 0.016273
0 0.669900 0.177708 0.013776 0.019421
0 0.678572 0.189786 0.012179 0.017326
