0 0.798878 0.009792 0.013238 0.018114
0 0.179638 0.787911 0.012098 0.021042
0 0.180091 0.205143 0.016162 0.024759
0 0.677990 0.531968 0.008640 0.015406
0 0.185618 0.137670 0.014613 0.025471
0 0.377131 0.921469 0.012434 0.020307
0 0.750058 0.556162 0.008816 0.015811
0 0.729733 0.746563 0.009247 0.015252
0 0.590409 0.759731 0.010892 0.013103
0 0.164474 0.072007 0.008553 0.015307
0 0.044401 0.987357 0.012500 0.018443
0 0.895983 0.982122 0.013004 0.020603
0 0.306817 0.018690 0.013940 0.019660
0 0.409799 0.851656 0.011455 0.015899
0 0.536707 0.417248 0.015168 0.018794
0 0.527518 0.334013 0.017917 0.021469
0 0.824920 0.404046 0.015585 0.023421
0 0.573706 0.523871 0.012368 0.021776
0 0.761626 0.367758 0.012390 0.017292
0 0.707847 0.713059 0.012624 0.019452
0 0.664931 0.272363 0.014115 0.021875
0 0.920197 0.728986 0.008158 0.015230
