0 0.985175 0.688438 0.018333 0.015428
0 0.328209 0.815795 0.009181 0.014923
0 0.463626 0.567116 0.010892 0.018684
0 0.373253 0.803361 0.008699 0.015625
0 0.743056 0.139704 0.012251 0.018531
0 0.486868 0.540735 0.011996 0.019342
0 0.096670 0.475696 0.011601 0.022226
0 0.852029 0.672906 0.014218 0.023969
0 0.536418 0.286491 0.011667 0.019430
0 0.031243 0.184216 0.011813 0.019178
0 0.489020 0.971086 0.012251 0.019518
0 0.380102 0.141979 0.011316 0.015998
0 0.271904 0.132451 0.012230 0.019726
0 0.808830 0.678147 0.013801 0.024539
0 0.538911 0.849879 0.012880 0.020899
0 0.637796 0.170033 0.015651 0.024320
0 0.752920 0.401524 0.013677 0.019342
0 0.328706 0.848553 0.010117 0.018684
0 0.241455 0.984156 0.013377 0.015943
0 0.860461 0.308196 0.013772 0.017906
0 0.151798 0.442719 0.013640 0.020658
0 0.184620 0.557001 0.007982 0.011151
0 0.976897 0.235000 0.012478 0.018268
0 0.404755 0.315515 0.010183 0.012018
0 0.997251 0.443509 0.005497 0.023421
0 0.901557 0.015033 0.008377 0.013728
0 0.093103 0.553690 0.011615 0.013871
0 0.719605 0.141420 0.012617 0.021458
0 0.906601 0.474786 0.008158 0.012708
