0 0.003399 0.440773 0.006798 0.018257
0 0.394503 0.940707 0.011930 0.020406
0 0.521787 0.618141 0.010972 0.018366
0 0.776436 0.821349 0.013999 0.024211
0 0.458315 0.676979 0.010110 0.017007
0 0.034368 0.723026 0.014803 0.023224
0 0.127880 0.803416 0.013582 0.019485
0 0.680479 0.633898 0.012814 0.024507
0 0.516623 0.355592 0.012456 0.019276
0 0.934788 0.162566 0.017485 0.025263
0 0.334949 0.659786 0.009912 0.019594
0 0.201235 0.543448 0.013406 0.020406
0 0.879985 0.577330 0.014064 0.017007
0 0.047610 0.494337 0.011330 0.022094
0 0.123428 0.368706 0.012471 0.023114
0 0.832401 0.082867 0.008692 0.012467
0 0.819788 0.293569 0.014737 0.011897
0 0.651714 0.525614 0.015870 0.024474
0 0.213004 0.389227 0.011374 0.019572
0 0.318304 0.564452 0.011345 0.020307
0 0.437913 0.866639 0.013765 0.017248
0 0.002215 0.640554 0.004357 0.012160
0 0.586316 0.779841 0.015322 0.022906
0 0.890819 0.501266 0.011170 0.021656
