0 0.935435 0.734737 0.007171 0.013224
0 0.147383 0.486102 0.011389 0.013103
0 0.943692 0.028816 0.012500 0.019496
0 0.678944 0.854984 0.010080 0.016283
0 0.298480 0.120850 0.010234 0.016283
0 0.433520 0.863761 0.011513 0.017346
0 0.053257 0.367703 0.011294 0.017928
0 0.206974 0.851288 0.008129 0.010450
0 0.586740 0.373103 0.012982 0.022039
0 0.740004 0.666321 0.010885 0.024616
0 0.010325 0.587971 0.011484 0.018531
0 0.682069 0.581217 0.012091 0.027478
0 0.145559 0.988043 0.011630 0.018958
0 0.224996 0.364633 0.007580 0.010888
0 0.441718 0.133876 0.013143 0.014331
0 0.359123 0.561201 0.011228 0.016919
