0 0.585863 0.609655 0.015980 0.024923
0 0.548421 0.451557 0.015921 0.018421
0 0.252961 0.489995 0.014401 0.019594
0 0.367814 0.388180 0.014284 0.016425
0 0.501904 0.905800 0.011806 0.018860
0 0.622336 0.463081 0.016045 0.028969
0 0.686963 0.220976 0.007887 0.022434
0 0.680026 0.612270 0.013341 0.018048
0 0.569887 0.091562 0.009817 0.022950
0 0.254671 0.075307 0.008977 0.016031
0 0.067306 0.007396 0.012420 0.014792
0 0.491137 0.804846 0.012098 0.015724
0 0.048235 0.582204 0.010548 0.014167
0 0.155588 0.260724 0.007025 0.009868
0 0.458615 0.971223 0.015300 0.021480
