0 0.860914 0.816754 0.018611 0.028553
0 0.602167 0.014550 0.013414 0.020680
0 0.527654 0.026031 0.018509 0.021535
0 0.104317 0.386738 0.015680 0.022379
0 0.242961 0.433065 0.014927 0.012467
0 0.173165 0.372856 0.019269 0.022379
0 0.872065 0.693717 0.015519 0.022127
0 0.666996 0.039200 0.013509 0.023509
0 0.401495 0.590389 0.016104 0.025910
0 0.974755 0.817538 0.015139 0.024485
0 0.776407 0.460855 0.021835 0.021118
0 0.231626 0.871700 0.014393 0.021535
0 0.189247 0.173476 0.014167 0.016140
0 0.828363 0.314605 0.018845 0.021075
0 0.847716 0.941349 0.009072 0.018860
