0 0.748589 0.835877 0.018918 0.030570
0 0.629927 0.526075 0.017383 0.026228
0 0.658026 0.645691 0.017135 0.026118
0 0.215249 0.662533 0.016550 0.026864
0 0.172343 0.520718 0.016996 0.018695
0 0.554105 0.472791 0.016996 0.031634
0 0.885705 0.113920 0.013414 0.021809
0 0.935384 0.040252 0.013034 0.019539
0 0.580464 0.043229 0.015300 0.023805
0 0.418173 0.366086 0.015673 0.027763
0 0.158300 0.797769 0.015300 0.020406
0 0.150837 0.900055 0.015110 0.024934
0 0.995980 0.620718 0.007939 0.022664
0 0.721882 0.799348 0.017814 0.021349
0 0.868322 0.626672 0.017595 0.025186
0 0.375223 0.575203 0.017537 0.029375
