0 0.473337 0.355307 0.011411 0.015987
0 0.540537 0.673169 0.010651 0.015285
0 0.111217 0.954287 0.009510 0.013443
0 0.293363 0.952659 0.010102 0.017511
0 0.598841 0.404227 0.009759 0.017708
0 0.221729 0.377675 0.010387 0.017281
0 0.445877 0.728684 0.008289 0.016842
0 0.083604 0.591974 0.011170 0.016031
0 0.903553 0.013317 0.005453 0.009353
0 0.682873 0.443191 0.009883 0.019605
0 0.861791 0.409567 0.013216 0.020099
0 0.820998 0.172774 0.011016 0.016228
0 0.958761 0.550378 0.011323 0.019704
0 0.510208 0.302505 0.012420 0.019419
0 0.740249 0.205905 0.011711 0.019616
0 0.677935 0.750746 0.012332 0.017061
0 0.100680 0.203695 0.012588 0.016294
0 0.349806 0.528624 0.011996 0.016809
0 0.292222 0.547368 0.011067 0.015877
