0 0.420292 0.282889 0.016316 0.016656
0 0.056868 0.785126 0.013911 0.025362
0 0.059598 0.026623 0.010058 0.015088
0 0.341667 0.893542 0.018304 0.021579
0 0.833253 0.283810 0.012661 0.018914
0 0.087961 0.898536 0.011711 0.023257
0 0.310428 0.505038 0.017727 0.022950
0 0.226049 0.481223 0.013531 0.021480
0 0.339485 0.510735 0.017303 0.027610
0 0.852189 0.829693 0.015095 0.018816
0 0.447825 0.710850 0.015870 0.030011
0 0.906491 0.993141 0.012149 0.013717
0 0.918567 0.347741 0.006140 0.018487
0 0.600526 0.661924 0.015877 0.017708
0 0.720088 0.890126 0.010102 0.023805
0 0.438754 0.976107 0.016001 0.026557
