0 0.382310 0.538805 0.008933 0.019298
0 0.054430 0.443755 0.010234 0.017708
0 0.198896 0.691875 0.004371 0.008026
0 0.265303 0.653098 0.004920 0.008191
0 0.629521 0.428372 0.013385 0.021634
0 0.005746 0.511996 0.011418 0.017368
0 0.870344 0.948854 0.011082 0.016634
0 0.030950 0.390241 0.013904 0.015746
0 0.940000 0.482917 0.011637 0.015175
0 0.688235 0.690208 0.009861 0.016842
0 0.214375 0.334386 0.013428 0.023575
0 0.455270 0.848065 0.014956 0.021020
0 0.117738 0.605559 0.011659 0.018092
0 0.097869 0.505554 0.011703 0.018125
0 0.387047 0.916053 0.011374 0.015439
0 0.281944 0.311765 0.013977 0.018136
