0 0.136367 0.441760 0.012924 0.025318
0 0.434236 0.198262 0.013311 0.030559
0 0.706111 0.443130 0.012515 0.017138
0 0.986981 0.914391 0.016287 0.021283
0 0.246601 0.469907 0.017851 0.024550
0 0.278458 0.375811 0.019532 0.029518
0 0.891751 0.342155 0.013326 0.023257
0 0.074784 0.225192 0.010197 0.022774
0 0.878878 0.014441 0.018019 0.027149
0 0.620665 0.069797 0.014620 0.024265
0 0.897537 0.440515 0.016915 0.024737
0 0.368871 0.217341 0.019159 0.028673
0 0.973999 0.361173 0.018085 0.018355
0 0.176071 0.767944 0.015373 0.024989
0 0.577785 0.787500 0.015526 0.023333
0 0.211177 0.237034 0.019196 0.035252
