0 0.246224 0.096195 0.017215 0.028333
0 0.045139 0.013454 0.014956 0.026908
0 0.585435 0.623980 0.012156 0.023246
0 0.159306 0.138871 0.019371 0.031184
0 0.068154 0.368646 0.016572 0.026327
0 0.909112 0.407171 0.016484 0.025702
0 0.079766 0.267368 0.019357 0.029079
0 0.580369 0.777248 0.016118 0.024693
0 0.526568 0.422939 0.017873 0.024386
0 0.316751 0.519139 0.014364 0.021414
0 0.083622 0.107429 0.008779 0.018629
0 0.066151 0.523459 0.016762 0.026941
0 0.084587 0.472160 0.012961 0.024803
0 0.840143 0.710822 0.017434 0.027873
